<path class="land" data-iso="AFG" d="M160.6 433.1 174.0 433.6 180.2 437.4 185.1 435.7 189.6 436.9 192.9 441.9 198.6 445.5 219.4 433.6 229.1 440.3 231.8 437.5 231.4 431.6 233.7 426.8 241.8 425.0 247.3 427.0 250.8 425.9 252.4 423.4 251.5 415.2 261.4 402.4 267.8 398.6 277.1 403.3 279.0 407.6 277.7 415.4 285.2 415.7 281.5 440.0 287.2 453.2 290.6 453.3 304.3 444.4 311.6 443.0 317.5 435.7 329.5 429.6 337.8 431.0 336.1 436.5 353.3 431.0 360.9 431.7 366.6 436.8 362.6 434.9 353.8 439.0 358.0 443.2 345.6 449.3 339.0 447.4 322.9 448.0 301.6 452.1 289.8 461.4 286.1 461.2 276.6 470.8 275.4 473.3 280.6 478.2 284.9 488.3 284.3 496.1 286.1 499.3 270.0 518.9 273.2 523.7 272.1 533.2 262.3 536.1 246.1 533.1 243.5 534.4 243.0 537.7 249.5 545.9 252.6 555.7 244.2 560.9 233.9 563.6 227.5 580.8 228.5 595.2 218.4 604.0 211.7 599.1 207.9 600.5 200.9 599.1 186.6 607.7 190.5 612.4 183.5 615.5 170.5 613.5 168.1 614.7 156.3 627.9 153.6 647.7 155.4 651.7 152.1 655.5 125.5 663.3 108.2 663.8 100.9 668.1 87.8 665.1 61.0 667.6 20.8 654.8 44.6 624.7 43.2 614.0 40.9 611.2 20.2 608.0 20.4 586.1 13.8 562.5 13.8 560.1 22.6 549.3 12.6 545.4 12.0 531.8 15.8 525.5 21.9 525.2 17.9 519.2 23.4 515.2 26.6 509.1 28.3 502.0 27.1 496.6 29.3 495.4 31.1 486.1 33.1 485.8 39.9 491.8 48.8 491.4 56.8 499.6 60.6 497.2 66.2 497.1 75.3 491.4 78.0 484.3 77.1 479.2 98.7 474.2 111.1 464.2 118.6 439.8 125.3 436.6 136.8 436.2 141.9 426.3 150.4 431.1Z"/>
<path class="land" data-iso="ARE" d="M-91.1 772.0-89.5 774.2-88.9 790.2-96.9 796.8-99.2 793.5-98.5 790.9-100.6 790.4-103.5 793.3-104.4 810.2-100.2 810.9-98.8 815.0-111.6 818.3-110.0 821.6-118.2 842.7-118.5 851.5-120.2 853.6-123.1 853.4-123.1 790.3-110.2 776.1-99.9 768.0-96.5 760.7-94.4 761.1-94.9 770.9Z"/>
<path class="land" data-iso="BGD" d="M715.2 867.8 710.3 842.5 712.2 838.6 707.2 836.8 707.6 831.9 703.3 825.5 707.2 809.3 692.9 803.6 689.9 799.8 693.0 792.0 697.1 792.9 700.6 784.6 709.5 784.9 712.8 782.6 708.3 776.3 701.7 775.1 691.4 765.5 693.1 760.0 700.2 752.3 697.9 748.5 699.7 746.7 706.2 754.4 709.7 755.5 713.3 755.5 712.1 752.1 714.4 751.1 718.6 759.5 723.1 762.2 727.5 762.3 728.4 757.3 730.5 756.5 734.2 764.0 734.5 781.7 749.4 785.4 789.1 785.1 799.8 792.3 798.8 793.8 793.5 792.9 790.4 805.7 786.6 807.1 784.8 811.5 772.3 814.2 767.2 825.9 771.0 840.8 772.3 841.6 772.3 838.3 774.0 838.2 778.5 844.1 781.7 842.1 781.8 835.9 786.3 830.1 786.1 825.2 793.9 825.3 796.7 845.5 799.9 852.0 803.4 888.6 801.8 889.7 796.0 885.1 793.0 887.2 795.8 902.2 789.2 892.1 788.0 878.6 783.5 864.2 784.5 860.9 782.8 862.3 775.0 846.7 768.5 853.1 761.9 854.3 754.8 842.9 753.5 827.7 752.3 832.3 745.2 831.4 753.1 836.4 753.3 840.0 750.1 842.1 752.2 846.1 750.0 846.7 749.3 850.2 753.8 860.6 744.3 874.7 740.4 873.2 743.8 866.1 737.5 869.6 736.6 867.1 736.0 862.0 738.2 857.8 735.7 859.9 734.0 870.7 728.0 876.4 725.9 862.9 726.3 872.5 722.7 877.6 719.7 877.6 716.3 873.6ZM757.7 867.9 751.3 868.5 755.4 861.5 751.0 848.0 753.3 847.2 760.0 857.3Z"/>
<path class="land" data-iso="BTN" d="M778.8 713.8 777.9 719.4 781.5 722.6 787.6 722.4 789.9 726.8 787.7 732.1 789.6 737.2 787.8 738.9 779.8 740.4 773.7 738.6 770.3 740.7 756.8 741.2 747.1 737.9 741.6 741.7 732.8 743.1 722.2 739.1 715.0 738.6 710.5 736.0 707.5 730.0 725.8 705.5 738.1 698.4 747.2 700.3 747.3 704.9 756.2 705.1 763.7 708.0 769.9 704.9 779.0 709.3Z"/>
<path class="land land-cn" data-iso="CHN" d="M1523.1 608.1 1514.6 606.4 1507.0 599.0 1513.2 600.4ZM1181.1 883.3 1175.8 879.4 1165.8 880.6 1156.4 872.2 1148.9 870.8 1146.1 856.9 1151.7 849.5 1145.9 846.0 1139.4 847.4 1136.2 844.4 1128.7 845.6 1121.4 841.6 1114.7 834.3 1104.6 839.9 1100.2 848.3 1092.4 851.5 1086.8 848.9 1081.8 855.9 1073.9 849.4 1070.8 854.6 1066.1 849.9 1058.2 858.3 1045.6 850.2 1037.2 860.1 1034.6 858.5 1030.1 859.9 1026.8 857.3 1022.3 863.5 1027.6 874.8 1027.2 888.4 1029.2 890.5 1026.8 892.7 1022.8 890.5 1015.5 891.5 1012.4 877.0 1005.4 879.4 999.7 884.2 990.1 884.5 983.3 876.6 982.8 869.5 964.9 866.9 969.7 848.3 972.7 844.7 970.5 841.7 956.8 838.5 956.0 826.8 952.2 819.3 956.1 813.5 940.8 813.8 924.8 819.1 928.4 810.6 924.0 803.5 924.0 799.7 925.3 795.8 929.1 793.2 928.5 788.7 931.1 782.8 935.8 781.7 939.1 774.1 943.8 773.7 947.0 768.2 951.7 766.1 949.4 760.4 952.4 757.2 953.8 743.2 951.6 719.0 946.7 716.7 942.9 719.7 938.0 703.2 927.2 693.2 924.2 692.9 918.9 701.0 912.8 696.8 905.4 696.9 901.2 694.3 895.9 696.9 893.2 695.6 900.6 685.8 897.0 677.7 889.7 681.3 889.3 676.8 895.1 672.1 892.1 672.2 887.2 666.5 874.4 673.3 871.3 678.1 856.0 674.2 852.4 670.3 831.2 686.7 818.7 689.5 815.4 695.9 803.9 704.5 804.2 708.6 787.3 714.6 778.8 713.8 779.0 709.3 769.9 704.9 763.7 708.0 756.2 705.1 747.3 704.9 747.2 700.3 736.1 698.9 725.8 705.5 711.3 726.1 707.8 720.4 710.3 710.8 709.1 706.9 704.7 704.6 692.8 708.6 692.1 710.7 680.1 712.3 668.2 711.6 655.2 704.3 650.2 709.1 643.5 703.9 640.0 709.6 632.2 699.4 618.5 698.3 619.4 690.6 610.5 691.5 596.5 681.6 593.4 672.9 589.3 671.2 580.6 673.9 570.1 661.8 562.7 659.8 547.1 649.0 542.7 641.5 532.8 639.8 527.3 641.2 523.3 648.2 519.7 649.8 516.7 644.1 509.2 639.0 497.1 634.6 496.1 628.3 487.3 623.2 481.7 623.7 477.3 620.4 470.4 610.7 461.8 613.6 461.1 608.7 462.9 604.4 460.2 600.9 461.3 594.6 455.4 587.1 452.8 578.2 460.4 576.0 465.8 583.0 473.2 578.8 471.1 559.1 462.9 549.5 461.1 534.3 467.0 525.7 459.7 519.2 450.1 515.2 443.5 497.2 444.2 490.3 429.5 490.5 420.8 488.1 409.5 482.8 407.5 478.0 398.3 480.3 395.7 475.1 391.8 473.1 393.3 462.9 390.0 454.7 385.7 451.9 379.7 452.0 377.8 446.6 358.0 443.2 353.9 439.7 362.6 434.9 366.6 436.8 372.2 432.0 366.7 425.3 367.8 420.0 363.8 406.9 365.3 400.2 363.0 396.9 351.5 392.2 347.9 392.1 345.3 396.0 339.8 393.8 337.2 386.0 339.9 382.4 335.0 374.1 335.6 367.2 340.3 365.9 342.4 363.0 340.6 355.9 344.5 348.1 354.8 345.1 361.4 339.5 365.1 338.9 365.2 333.9 372.0 334.9 383.0 329.3 386.0 339.7 390.8 339.7 400.3 335.6 401.8 338.2 405.7 335.0 410.2 324.3 416.3 316.3 432.9 317.4 446.2 314.7 452.1 305.0 461.4 298.8 486.6 287.6 488.5 284.4 498.2 282.8 496.5 262.1 498.6 257.7 505.7 255.1 501.8 251.8 502.0 249.4 507.6 246.5 510.9 247.4 511.7 245.4 501.1 213.6 501.1 197.9 504.3 192.3 498.7 189.1 492.3 189.5 489.2 186.4 493.9 182.2 513.4 177.9 534.1 170.2 540.3 176.8 548.2 174.8 554.5 178.0 556.7 167.6 549.7 164.2 549.4 161.6 567.0 104.8 591.3 112.6 607.3 112.5 610.2 117.6 621.2 110.2 627.4 109.2 631.7 102.3 628.4 78.2 632.5 63.6 635.9 60.0 653.6 55.5 657.8 49.2 658.7 37.6 661.9 34.5 675.0 35.0 684.8 31.8 686.2 37.9 683.0 42.3 690.8 48.9 688.9 54.5 702.1 60.9 703.5 66.9 715.2 75.0 725.8 74.0 733.1 81.4 739.3 79.6 741.1 84.4 746.3 86.9 750.8 101.2 756.2 111.4 760.0 113.2 763.9 127.1 761.0 137.7 763.3 146.0 756.1 156.8 754.9 164.0 760.2 175.6 764.5 174.8 777.6 179.7 798.3 182.1 807.2 181.2 825.2 184.3 836.0 193.7 842.0 194.7 854.6 204.9 862.9 208.0 870.3 207.4 869.7 215.6 874.6 218.5 882.9 241.6 893.7 253.3 895.8 260.3 916.0 257.9 971.7 265.4 984.4 261.7 1021.6 266.3 1025.7 267.6 1033.4 277.1 1037.9 279.0 1060.5 284.1 1076.2 292.5 1095.5 288.3 1095.5 295.5 1107.5 297.6 1112.8 292.9 1151.5 274.7 1186.0 269.4 1214.7 269.7 1240.9 258.5 1255.8 239.3 1269.1 234.1 1278.6 226.8 1276.2 219.2 1265.5 204.3 1270.9 188.4 1277.7 180.2 1290.4 180.4 1297.6 186.5 1319.3 191.2 1331.5 183.4 1339.8 175.3 1343.3 168.8 1370.9 166.4 1383.6 156.5 1384.0 151.3 1392.6 137.0 1399.9 133.5 1411.5 134.4 1414.1 126.4 1421.6 128.8 1429.7 123.5 1435.6 121.7 1445.8 122.6 1448.7 120.1 1460.7 125.4 1470.0 125.7 1473.9 123.3 1474.7 116.6 1470.1 106.1 1456.6 92.5 1454.6 87.8 1446.7 84.0 1440.2 75.7 1431.6 74.0 1422.3 75.5 1412.0 87.8 1405.1 82.2 1397.4 79.9 1384.4 80.3 1376.2 86.6 1369.3 79.7 1367.0 70.2 1373.4 65.9 1374.3 53.7 1379.3 46.1 1395.5 6.7 1409.4 14.3 1424.8 18.5 1439.1 5.9 1459.0-2.5 1461.1-10.7 1456.6-15.6 1463.6-27.1 1478.8-62.4 1494.3-78.3 1600.3-78.3 1600.2 334.5 1597.6 334.7 1587.5 343.7 1584.6 349.4 1578.3 354.6 1569.8 355.2 1567.1 353.3 1565.4 356.4 1551.9 360.0 1534.7 369.8 1526.0 379.7 1518.5 381.3 1517.8 385.7 1505.8 389.9 1504.4 383.9 1518.6 378.0 1517.3 374.4 1522.0 369.1 1508.6 369.2 1508.4 364.1 1514.6 361.1 1514.6 354.5 1521.5 351.1 1531.1 338.0 1533.2 332.0 1523.0 322.3 1522.4 318.0 1519.8 322.1 1506.1 320.4 1496.2 330.5 1489.0 342.1 1467.1 352.6 1462.2 357.5 1458.1 368.5 1452.0 375.6 1443.4 375.8 1435.3 379.3 1429.0 374.2 1424.7 375.4 1417.0 391.2 1419.5 399.6 1428.3 407.1 1441.3 409.9 1447.7 408.9 1451.1 411.5 1454.8 422.2 1452.4 424.1 1451.4 433.7 1459.7 439.6 1471.3 439.1 1474.4 436.1 1474.3 433.1 1484.9 424.6 1483.5 422.9 1495.7 418.1 1517.6 429.7 1525.6 430.1 1527.8 427.6 1534.8 431.4 1542.9 431.5 1540.6 434.1 1540.9 438.3 1537.4 441.8 1539.2 445.6 1534.8 449.1 1530.4 445.2 1524.8 445.2 1503.1 455.9 1497.2 455.2 1499.3 461.0 1494.7 461.9 1492.9 470.6 1486.9 472.9 1485.3 467.6 1481.7 468.4 1479.5 470.9 1484.2 475.0 1463.2 495.7 1456.7 509.3 1457.5 512.3 1461.2 512.3 1483.8 526.5 1489.6 545.4 1498.6 563.7 1498.2 574.1 1510.2 581.0 1512.9 588.9 1522.3 596.3 1523.1 602.0 1520.6 602.1 1510.5 597.5 1501.2 597.2 1496.7 592.5 1490.0 590.3 1478.1 595.2 1481.9 596.1 1489.4 592.8 1494.8 593.9 1496.6 598.6 1518.1 613.1 1522.4 620.5 1523.4 624.6 1512.1 628.3 1501.8 634.9 1499.3 639.6 1488.3 639.8 1482.0 644.0 1489.4 642.2 1492.8 647.0 1508.2 642.2 1518.5 651.4 1528.5 654.5 1514.3 665.4 1523.7 661.4 1525.7 665.3 1524.4 675.3 1519.5 671.9 1515.0 672.4 1512.8 675.4 1518.6 680.4 1515.1 681.0 1518.1 683.3 1513.5 689.2 1516.8 699.0 1514.4 698.1 1508.5 700.9 1507.2 697.5 1505.4 698.0 1500.8 706.1 1495.6 706.9 1497.7 710.2 1491.7 718.8 1492.2 723.5 1484.1 732.2 1478.3 745.0 1474.3 745.6 1472.9 739.1 1470.1 742.4 1467.1 740.8 1474.3 753.2 1464.0 760.9 1456.0 759.1 1460.8 763.8 1467.8 762.3 1465.9 773.6 1467.9 779.0 1457.0 777.4 1459.6 783.4 1452.0 784.0 1450.3 791.6 1443.6 794.1 1445.7 796.6 1444.1 799.9 1435.2 801.3 1430.1 799.8 1428.1 803.7 1424.1 803.9 1425.0 806.0 1428.6 806.5 1429.3 810.1 1418.8 821.1 1414.8 821.0 1412.4 827.8 1410.5 824.4 1405.4 828.1 1401.1 826.2 1399.9 831.4 1394.2 834.1 1395.9 836.1 1392.0 838.8 1390.3 845.0 1384.9 844.1 1375.1 848.9 1369.9 847.5 1366.4 851.1 1358.9 848.5 1350.5 853.8 1348.0 853.6 1345.5 850.1 1343.1 856.2 1337.9 854.4 1329.9 856.6 1325.3 854.1 1320.1 847.3 1320.1 840.2 1317.7 840.8 1315.7 845.2 1313.0 845.9 1318.5 854.4 1318.4 864.2 1308.5 868.2 1307.0 864.7 1303.7 872.7 1300.1 871.7 1294.7 876.2 1289.1 870.8 1289.8 875.5 1287.7 877.1 1278.9 874.2 1277.1 877.7 1274.7 877.7 1270.5 881.9 1263.5 883.9 1256.0 883.2 1255.5 885.3 1250.0 886.5 1245.0 891.0 1242.3 890.6 1241.1 887.8 1240.2 892.1 1234.8 898.2 1235.4 900.4 1240.0 901.0 1238.7 905.3 1243.6 909.4 1239.5 915.2 1234.0 916.1 1228.1 913.4 1230.2 911.2 1227.6 909.5 1222.7 898.9 1223.2 893.2 1225.6 887.8 1229.1 886.8 1229.3 884.0 1223.3 882.8 1220.3 878.4 1219.8 882.5 1210.0 885.5 1208.4 885.1 1208.9 881.1 1200.8 880.0 1196.9 876.3 1196.4 872.9 1193.6 872.8 1194.1 880.0 1189.8 878.4 1187.8 881.9ZM1252.9 923.2 1256.0 932.0 1251.2 934.5 1246.8 941.5 1242.1 955.7 1232.2 962.0 1232.7 963.5 1219.2 969.4 1199.0 961.2 1198.1 941.2 1213.2 929.2 1210.7 929.0 1212.9 926.0 1235.2 921.6 1245.5 923.6 1247.0 919.4Z"/>
<path class="land" data-iso="HKG" d="M1329.9 856.6 1336.0 855.8 1337.7 859.7 1336.1 862.4 1327.9 860.5 1326.9 858.8Z"/>
<path class="land" data-iso="IND" d="M201.0 820.6 206.3 818.1 214.8 817.7 216.2 808.3 235.3 809.4 241.4 812.3 258.2 805.6 260.5 809.2 263.8 810.3 271.9 805.9 270.1 801.3 272.0 798.1 262.3 778.2 262.2 771.5 252.7 770.4 248.7 764.9 249.8 748.5 234.1 742.0 234.8 731.5 243.6 721.8 249.8 711.3 256.1 706.4 261.7 708.9 265.8 715.2 292.2 708.2 303.9 686.1 317.7 678.3 329.5 652.7 340.0 648.2 343.0 644.5 342.2 638.4 353.0 625.3 360.3 621.3 357.4 616.9 359.3 608.9 357.2 601.7 358.4 598.6 377.3 587.1 375.1 582.6 361.6 579.0 361.0 571.3 353.4 571.0 352.2 564.4 344.8 558.6 348.4 549.3 344.1 542.9 350.9 536.3 342.3 532.4 344.0 527.6 339.6 523.4 343.7 515.2 352.1 511.8 386.8 519.7 394.9 514.7 408.6 512.7 418.6 505.0 419.7 501.5 438.2 489.8 444.2 490.3 443.5 497.2 451.2 516.6 459.7 519.2 467.0 525.7 461.1 534.3 462.9 549.5 471.1 559.1 473.2 578.8 465.8 583.0 460.4 576.0 452.8 578.2 455.4 587.1 461.3 594.6 460.2 600.9 462.9 604.4 461.5 612.9 470.4 610.7 479.9 622.4 487.3 623.2 496.1 628.3 497.1 634.6 509.2 639.0 517.3 646.1 513.3 646.9 502.3 658.5 494.1 683.9 502.7 690.0 506.9 689.0 538.0 710.8 541.3 709.5 552.8 716.3 558.3 716.2 559.7 720.5 573.4 724.6 577.3 722.0 586.7 724.4 593.1 721.3 605.9 726.6 607.8 733.8 621.4 741.8 629.5 739.3 632.7 740.9 635.1 745.8 640.3 744.6 657.4 750.5 665.1 747.1 666.9 750.5 671.8 752.5 685.6 750.4 689.2 751.9 693.3 742.5 689.0 731.2 692.8 708.6 703.6 704.5 709.1 706.9 710.3 710.8 707.8 720.4 711.3 726.1 707.5 730.0 710.5 736.0 717.6 740.0 722.2 739.1 732.8 743.1 741.6 741.7 747.1 737.9 756.8 741.2 770.3 740.7 773.7 738.6 779.8 740.4 787.8 738.9 789.6 737.2 787.7 732.1 789.9 726.8 787.6 722.4 781.5 722.6 777.9 719.4 778.8 713.8 787.3 714.6 801.3 710.5 804.8 707.4 805.1 703.0 813.3 698.0 818.7 689.5 831.2 686.7 852.4 670.3 856.0 674.2 871.3 678.1 874.4 673.3 887.2 666.5 892.1 672.2 895.1 672.1 889.3 676.8 889.7 681.3 897.0 677.7 900.6 685.8 893.2 695.6 895.9 696.9 901.2 694.3 905.4 696.9 912.8 696.8 918.9 701.0 919.2 708.9 907.9 718.6 913.5 731.7 909.8 731.2 904.3 725.7 891.0 727.7 864.9 746.0 863.0 752.9 865.0 761.3 860.4 770.6 851.4 781.0 850.7 783.8 854.5 788.4 840.2 820.1 829.3 816.6 824.6 817.5 820.5 815.0 822.7 825.3 821.5 840.0 820.0 842.8 816.5 842.7 814.4 851.1 816.2 864.1 810.2 870.5 805.6 866.7 802.0 870.8 793.9 825.3 786.1 825.2 786.3 830.1 781.8 835.9 781.7 842.1 778.5 844.1 774.0 838.2 772.3 838.3 772.3 841.6 771.0 840.8 767.3 828.0 768.9 818.9 772.3 814.2 784.8 811.5 786.6 807.1 790.4 805.7 793.5 792.9 798.8 793.8 799.4 791.2 789.1 785.1 749.4 785.4 734.5 781.7 734.2 764.0 730.5 756.5 728.4 757.3 727.5 762.3 723.1 762.2 718.6 759.5 714.4 751.1 712.1 752.1 713.3 755.5 709.7 755.5 706.2 754.4 704.6 750.6 698.5 746.9 700.2 752.3 693.1 760.0 691.4 765.5 701.7 775.1 708.3 776.3 712.8 782.6 709.5 784.9 700.6 784.6 697.1 792.9 693.0 792.0 689.9 799.8 692.9 803.6 707.2 809.3 703.3 825.5 707.6 831.9 707.2 836.8 712.2 838.6 710.3 842.5 715.2 862.9 714.7 871.9 712.7 871.9 715.3 879.4 711.7 879.4 710.5 877.0 707.7 881.3 707.6 870.1 705.2 867.0 703.8 879.3 700.3 880.5 696.4 876.6 695.6 880.2 692.4 879.9 690.8 878.3 694.2 866.5 687.9 860.3 688.4 863.5 693.3 867.0 688.1 874.9 681.4 879.4 667.2 883.5 661.3 890.4 664.1 904.6 658.6 914.8 649.4 922.8 646.2 921.6 647.8 923.3 645.4 925.7 629.7 931.0 627.7 930.9 629.3 929.4 627.9 925.9 621.6 929.3 620.0 933.6 624.6 931.4 626.4 932.7 609.9 945.8 593.4 967.5 580.3 975.1 320.6 975.1 316.9 957.3 320.2 948.5 319.4 945.1 316.0 949.7 315.0 942.5 319.7 941.9 314.8 939.6 311.9 927.4 317.1 908.2 317.1 901.2 315.5 893.6 312.5 892.0 310.8 886.9 313.5 884.3 310.5 884.5 322.8 876.9 308.8 878.3 312.7 871.0 308.3 870.9 309.1 866.0 315.4 864.0 299.9 863.1 303.0 865.2 302.2 867.8 296.4 874.9 300.6 877.4 301.7 882.7 295.8 892.6 271.4 903.6 263.9 903.5 249.3 894.2 220.8 862.5 222.9 858.6 228.4 862.6 250.6 855.0 258.8 843.5 258.2 841.2 254.6 845.2 249.1 845.0 237.9 850.0 227.4 847.6 212.7 838.5 207.2 828.3 216.1 820.7 202.7 827.6Z"/>
<path class="land" data-iso="IRN" d="M-93.9 737.1-99.6 743.1-115.4 746.1-115.8 744.3-104.3 740.1-104.4 736.3-100.8 737.4-93.2 734.8-91.6 736.2ZM-123.1 417.6-108.9 409.8-91.8 410.4-87.6 405.1-69.1 406.1-65.2 413.7-49.7 418.2-42.8 423.3-29.2 422.7-17.2 428.1-13.4 436.1 1.5 445.1 8.4 455.1 27.6 454.9 28.8 457.1 29.8 471.5 28.4 475.3 30.8 478.6 31.5 489.3 27.1 496.6 28.3 502.0 26.6 509.1 23.4 515.2 17.9 519.2 21.9 525.2 15.8 525.5 12.0 531.8 12.0 543.2 14.1 546.9 22.6 549.3 13.8 560.1 20.4 586.1 20.2 608.0 40.9 611.2 43.2 614.0 44.6 624.7 20.8 654.8 32.5 668.6 40.0 685.0 46.5 691.9 57.9 695.5 63.1 700.6 67.9 700.3 69.2 721.1 67.8 727.5 78.0 727.9 81.4 731.4 77.7 744.6 60.1 747.0 55.1 752.6 45.4 756.2 43.2 766.7 40.9 769.2 39.1 784.2 34.8 786.9 16.3 782.0 12.6 777.8 9.9 781.2-9.5 778.7-13.4 776.6-23.5 778.3-29.6 774.6-44.2 773.6-50.8 770.8-54.3 771.9-55.8 769.9-65.6 768.1-71.3 752.2-73.0 740.4-80.6 731.4-89.7 729.4-95.6 730.9-123.1 745.2Z"/>
<path class="land" data-iso="KAS" d="M419.7 501.5 412.8 484.8 429.5 490.5 438.2 489.8Z"/>
<path class="land land-kz" data-iso="KAZ" d="M269.5 276.0 263.8 278.7 260.6 283.1 256.4 281.7 248.6 290.2 225.4 303.2 211.3 321.2 211.1 329.4 207.2 329.5 198.1 323.3 199.7 316.2 195.4 310.7 165.2 311.3 160.0 284.4 148.0 284.1 150.2 251.2 142.9 255.0 135.3 240.4 120.8 226.7 109.4 232.2 79.0 229.6 49.0 234.2 28.6 211.1 24.8 203.4-35.6 163.0-99.1 182.6-99.0 306.6-112.4 307.4-123.1 292.4-123.1-33.9-114.2-25.7-106.2-22.5-97.3-27.5-94.9-32.6-86.4-39.5-83.2-38.0-73.6-41.3-63.0-34.4-57.8-35.8-53.2-42.3-44.6-41.9-35.8-37.6-27.5-26.8-12.4-23.3-11.7-19.0-4.6-22.4 1.4-32.9 7.1-27.2 12.5-25.8 23.2-26.8 30.2-29.9 34.2-33.3 39.0-47.7 38.3-51.5 33.6-56.1 11.4-64.4 9.5-69.2 1.7-73.9 0.7-75.6 3.6-78.3 468.6-78.3 492.1-29.9 494.0-29.3 497.8-35.3 502.8-36.6 503.4-45.9 510.5-50.2 514.0-49.8 516.2-46.1 520.2-46.2 518.8-37.5 526.6-37.0 528.5-28.6 553.8-28.1 560.4-34.5 566.7-34.7 570.2-38.3 575.1-38.5 589.5-29.9 598.8-9.2 605.8-7.8 615.2-2.4 615.5 4.1 621.2 14.7 644.6 19.1 655.1 8.8 658.1 9.6 655.5 16.7 660.1 19.5 664.8 27.1 670.5 29.8 672.7 34.7 665.9 33.8 660.0 36.0 657.8 49.2 653.6 55.5 634.0 60.8 628.4 78.2 631.7 102.3 627.4 109.2 621.2 110.2 610.2 117.6 607.3 112.5 586.8 111.6 568.5 103.9 549.4 161.6 549.7 164.2 556.7 167.6 554.5 178.0 548.2 174.8 540.3 176.8 534.1 170.2 513.4 177.9 493.9 182.2 489.2 186.4 492.3 189.5 498.7 189.1 504.3 192.3 501.1 197.9 501.1 213.6 511.7 245.4 510.9 247.4 507.6 246.5 502.0 249.4 501.8 251.8 505.7 255.1 497.4 259.8 497.6 278.0 490.5 270.5 478.3 268.2 470.9 258.4 418.2 251.8 406.5 253.6 390.0 253.0 384.9 257.1 378.3 256.3 364.8 251.6 349.8 242.8 343.4 244.3 333.8 250.8 330.4 264.5 332.2 270.7 302.2 259.0 289.5 256.9 277.1 259.8 268.2 273.0Z"/>
<path class="land land-kg" data-iso="KGZ" d="M269.8 341.8 278.3 340.3 287.9 344.6 294.3 341.2 298.7 335.4 304.2 336.6 305.3 330.9 310.3 332.6 323.4 323.3 311.6 321.4 304.4 315.7 300.1 316.3 299.5 311.5 292.5 310.8 287.2 299.4 285.2 306.2 281.2 306.0 280.5 313.1 267.4 309.8 263.2 302.4 257.8 303.6 250.6 299.4 261.7 288.4 266.0 286.8 267.3 283.2 276.4 278.9 271.7 274.8 269.5 276.0 268.2 273.0 274.9 262.0 281.2 258.2 290.9 256.8 302.2 259.0 332.2 270.7 330.4 264.5 333.8 250.8 343.4 244.3 349.8 242.8 364.8 251.6 378.3 256.3 384.9 257.1 390.0 253.0 406.5 253.6 418.2 251.8 470.9 258.4 478.3 268.2 490.5 270.5 497.6 278.0 497.7 283.2 488.5 284.4 486.6 287.6 475.0 291.4 454.1 303.5 446.2 314.7 432.9 317.4 416.3 316.3 410.2 324.3 405.7 335.0 401.8 338.2 400.3 335.6 390.8 339.7 386.0 339.7 383.0 329.3 372.0 334.9 365.2 333.9 365.1 338.9 361.4 339.5 354.8 345.1 344.5 348.1 340.6 355.9 342.6 362.1 340.3 365.9 322.8 369.9 309.3 369.4 304.2 370.7 301.1 374.8 296.5 370.2 290.0 372.6 288.8 368.0 283.2 366.2 282.4 362.2 272.4 365.7 270.9 368.3 265.9 368.9 258.5 362.7 228.9 364.7 227.2 357.2 228.4 352.2 229.1 350.5 233.3 352.1 234.6 346.4 245.4 343.0 257.3 347.9 258.9 351.1ZM275.9 353.0 276.5 348.0 271.0 344.6 271.1 352.9Z"/>
<path class="land" data-iso="LAO" d="M1037.2 860.1 1048.4 872.8 1050.3 878.8 1054.1 875.3 1057.4 878.7 1055.0 889.7 1061.2 899.5 1074.3 904.7 1085.8 898.1 1097.6 906.0 1092.3 911.4 1098.5 913.2 1100.5 917.6 1104.2 917.7 1106.1 922.5 1097.8 933.0 1084.1 931.5 1084.8 936.5 1080.6 941.1 1100.9 954.2 1110.7 957.4 1110.7 964.6 1122.1 975.1 1087.9 975.1 1082.0 966.8 1067.7 964.1 1064.9 965.4 1065.1 967.8 1058.9 975.1 1044.7 975.1 1036.5 969.6 1028.2 975.1 1011.8 975.1 1013.1 969.3 1010.6 963.6 1016.5 949.7 1014.6 934.8 1008.6 933.2 1003.1 935.7 997.4 934.7 994.6 929.4 997.6 918.3 992.6 912.9 987.6 916.2 988.0 913.2 990.9 903.8 1000.1 900.4 998.0 896.9 1002.1 890.1 1012.8 881.7 1015.5 891.5 1022.8 890.5 1026.8 892.7 1029.1 891.1 1027.2 888.4 1027.6 874.8 1022.3 863.5 1027.6 857.1 1030.1 859.9 1034.6 858.5Z"/>
<path class="land" data-iso="MMR" d="M987.8 914.7 982.1 911.8 977.9 914.4 971.5 913.5 972.1 919.0 968.5 920.9 962.0 920.4 958.1 928.9 944.7 931.1 935.9 929.5 931.0 937.1 930.7 945.7 928.3 950.9 929.3 959.8 920.1 961.6 922.0 965.7 926.5 967.5 928.8 975.1 848.5 975.1 841.3 956.1 843.1 955.8 838.8 951.9 838.2 941.6 835.6 945.3 835.3 951.7 829.8 948.4 824.6 939.5 826.7 938.6 832.8 942.9 836.1 940.5 837.0 937.6 827.5 928.8 829.9 925.3 818.6 921.1 816.3 921.9 817.4 925.6 815.6 926.7 812.5 921.0 814.8 918.2 812.8 918.1 814.1 913.1 809.6 919.0 808.2 918.3 808.8 912.1 805.3 908.2 805.6 915.2 795.8 902.2 793.1 893.7 792.3 889.0 794.7 885.4 801.8 889.7 803.4 888.6 802.0 870.8 804.8 866.8 810.2 870.5 816.2 864.1 814.4 851.1 816.5 842.7 821.1 841.3 822.1 834.5 822.7 825.3 820.5 815.0 824.6 817.5 829.3 816.6 840.2 820.1 854.5 788.4 850.7 783.8 851.4 781.0 860.4 770.6 865.0 761.3 863.0 752.9 864.9 746.0 891.0 727.7 904.3 725.7 909.8 731.2 913.5 731.7 907.9 718.6 919.2 708.9 918.9 701.0 924.2 692.9 927.2 693.2 929.9 697.2 932.8 697.2 938.0 703.2 942.9 719.7 946.7 716.7 951.6 719.0 953.8 743.2 952.4 757.2 949.4 760.4 951.7 766.1 947.0 768.2 943.8 773.7 939.1 774.1 935.8 781.7 931.1 782.8 928.5 788.7 929.1 793.2 925.3 795.8 924.0 803.5 928.4 810.6 924.8 819.1 940.8 813.8 956.1 813.5 952.2 819.3 956.0 826.8 956.8 838.5 970.5 841.7 972.7 844.7 969.7 848.3 964.9 866.9 982.8 869.5 983.3 876.6 990.1 884.5 999.7 884.2 1005.4 879.4 1012.6 877.2 1011.4 884.3 1003.4 888.4 998.0 896.9 1000.1 900.4 990.9 903.8Z"/>
<path class="land" data-iso="MNG" d="M684.8 31.8 692.2 28.3 694.1 20.9 704.9 19.6 709.8 21.0 711.5 17.5 714.2 20.1 716.7 19.0 720.0 14.2 723.7 14.8 730.1 10.8 729.8 3.7 738.0 0.6 739.9-3.6 754.7-8.5 763.8-16.0 773.4-18.0 783.0-26.8 792.6-27.0 796.6-33.4 803.3-26.6 807.0-30.1 811.0-30.1 815.0-23.3 843.3-21.4 845.8-8.5 852.2-0.9 860.0-1.7 864.4 2.5 874.6 3.4 881.1-0.5 884.7 1.5 887.9 0.0 894.1 3.8 910.6 4.5 916.1 10.3 919.8 9.9 925.4 3.4 935.7-0.5 941.7-11.6 942.4-20.5 936.3-24.9 931.3-38.1 934.3-52.4 936.5-56.4 941.0-58.6 944.2-67.0 951.3-70.3 955.7-78.3 964.5-78.3 977.9-73.1 982.9-68.5 996.3-67.3 1018.8-56.5 1023.5-57.1 1036.8-52.6 1039.3-32.0 1041.8-27.7 1041.1-22.5 1050.9-14.9 1062.6-11.2 1066.2-7.7 1074.2-5.3 1085.2-5.9 1094.8-11.8 1117.3-18.2 1137.9-11.7 1150.0-12.0 1162.9 0.4 1179.7 2.0 1180.9 13.2 1196.9 25.8 1212.2 25.3 1235.9 31.5 1241.5 29.6 1248.5 32.5 1263.9 24.5 1282.2 21.9 1292.4 17.8 1300.1 18.2 1306.2 14.6 1308.9 7.8 1319.0-0.3 1336.8-10.5 1347.8-9.0 1364.7 4.0 1371.8 4.6 1382.0-0.4 1387.4 0.8 1395.5 6.7 1379.3 46.1 1374.3 53.7 1373.4 65.9 1367.0 70.2 1369.3 79.7 1376.2 86.6 1384.4 80.3 1397.4 79.9 1405.1 82.2 1412.0 87.8 1422.3 75.5 1431.6 74.0 1440.2 75.7 1446.7 84.0 1454.6 87.8 1456.6 92.5 1470.1 106.1 1474.7 116.6 1474.6 121.1 1470.0 125.7 1456.6 124.5 1448.7 120.1 1445.8 122.6 1435.6 121.7 1429.7 123.5 1421.6 128.8 1414.1 126.4 1411.5 134.4 1399.9 133.5 1392.6 137.0 1384.0 151.3 1383.6 156.5 1370.9 166.4 1343.3 168.8 1339.8 175.3 1331.5 183.4 1319.3 191.2 1297.6 186.5 1290.4 180.4 1277.7 180.2 1270.9 188.4 1265.5 204.3 1276.2 219.2 1278.6 226.8 1269.1 234.1 1255.8 239.3 1240.9 258.5 1214.7 269.7 1186.0 269.4 1151.5 274.7 1112.8 292.9 1107.5 297.6 1095.5 295.5 1095.5 288.3 1076.2 292.5 1060.5 284.1 1037.9 279.0 1033.4 277.1 1025.7 267.6 1021.6 266.3 984.4 261.7 971.7 265.4 916.0 257.9 895.8 260.3 893.7 253.3 882.9 241.6 874.6 218.5 869.7 215.6 870.3 207.4 862.9 208.0 854.6 204.9 842.0 194.7 836.0 193.7 825.2 184.3 807.2 181.2 798.3 182.1 777.6 179.7 764.5 174.8 760.2 175.6 754.9 164.0 756.1 156.8 763.3 146.0 761.0 137.7 763.9 127.1 760.0 113.2 756.2 111.4 750.8 101.2 746.7 87.7 741.1 84.4 739.3 79.6 733.1 81.4 725.8 74.0 715.2 75.0 703.5 66.9 702.1 60.9 688.9 54.5 690.8 48.9 683.0 42.3 686.2 37.9Z"/>
<path class="land" data-iso="NPL" d="M692.1 710.7 693.0 714.1 689.0 731.2 693.2 740.2 690.7 750.6 674.9 750.8 671.8 752.5 666.9 750.5 665.1 747.1 657.4 750.5 640.3 744.6 635.1 745.8 631.5 739.6 620.2 741.3 618.6 738.7 607.8 733.8 605.9 726.6 593.1 721.3 586.7 724.4 577.3 722.0 573.4 724.6 559.7 720.5 558.3 716.2 552.8 716.3 541.3 709.5 538.0 710.8 524.7 702.2 521.2 697.8 506.9 689.0 502.7 690.0 493.7 682.8 498.1 673.6 500.2 663.0 507.5 652.1 514.7 645.9 521.4 649.7 527.3 641.2 538.1 640.5 542.7 641.5 547.1 649.0 562.7 659.8 570.1 661.8 580.6 673.9 591.4 672.0 596.5 681.6 608.5 690.5 619.4 690.6 618.5 698.3 632.2 699.4 640.0 709.6 643.5 703.9 650.2 709.1 655.2 704.3 668.2 711.6Z"/>
<path class="land" data-iso="OMN" d="M-31.5 917.2-33.5 917.5-33.5 914.1-27.5 905.1-25.8 909.4ZM-123.1 975.1-123.1 921.3-107.3 870.2-118.5 851.5-118.2 842.7-110.6 824.1-111.6 818.3-98.8 815.0-100.2 810.9-104.4 810.2-103.5 793.3-100.6 790.4-98.5 790.9-99.2 793.5-96.9 796.8-88.9 790.2-82.7 804.0-70.8 817.3-41.3 826.9-35.0 826.3-30.2 829.7-14.0 852.6-4.4 856.7-4.3 862.1-15.5 883.5-27.2 893.7-37.6 912.3-44.1 911.9-43.2 907.2-45.1 907.5-52.6 916.6-56.3 931.4-53.9 948.7-69.5 951.6-78.1 955.5-82.4 959.8-84.9 970.8-88.8 975.1ZM-91.1 772.0-94.9 770.9-94.4 761.1-96.5 760.7-89.2 752.6-88.2 759.4Z"/>
<path class="land" data-iso="PAK" d="M412.8 484.8 419.7 501.5 418.6 505.0 408.6 512.7 394.9 514.7 386.8 519.7 352.1 511.8 343.7 515.2 339.6 523.4 344.0 527.6 342.3 532.4 350.9 536.3 344.1 542.9 348.4 549.3 344.8 558.6 352.2 564.4 353.4 571.0 361.0 571.3 361.6 579.0 369.0 579.9 377.5 585.3 375.6 589.3 358.4 598.6 357.2 601.7 359.3 608.9 357.4 616.9 360.3 621.3 353.0 625.3 342.2 638.4 343.0 644.5 340.0 648.2 329.5 652.7 317.7 678.3 303.9 686.1 292.2 708.2 265.8 715.2 261.7 708.9 256.1 706.4 249.8 711.3 243.6 721.8 234.8 731.5 234.1 742.0 249.8 748.5 248.7 764.9 252.7 770.4 262.2 771.5 262.3 778.2 272.0 798.1 270.1 801.3 271.9 805.9 263.8 810.3 260.5 809.2 258.2 805.6 241.4 812.3 235.3 809.4 216.2 808.3 214.8 817.7 203.9 818.7 199.8 823.4 193.5 819.4 192.5 821.4 188.8 821.8 188.2 818.9 186.2 819.9 184.7 818.3 180.0 812.0 176.6 796.3 165.0 793.5 164.9 783.5 160.9 776.5 155.7 773.3 150.9 776.3 159.2 777.6 117.6 781.3 114.7 784.7 99.9 778.7 96.9 780.4 87.6 780.1 86.0 783.9 65.6 782.5 57.0 786.0 54.1 783.6 47.0 786.1 38.6 784.6 40.9 769.2 43.2 766.7 45.4 756.2 55.1 752.6 60.1 747.0 77.7 744.6 81.3 730.7 78.0 727.9 68.0 728.0 67.9 700.3 63.1 700.6 57.9 695.5 46.5 691.9 40.0 685.0 32.5 668.6 20.8 654.8 61.0 667.6 87.8 665.1 100.9 668.1 108.2 663.8 125.5 663.3 153.4 654.6 155.4 651.7 153.6 647.7 156.3 627.9 168.1 614.7 170.5 613.5 183.5 615.5 190.5 612.4 186.6 607.7 200.9 599.1 207.9 600.5 211.7 599.1 218.4 604.0 228.5 595.2 227.5 580.8 233.9 563.6 244.2 560.9 252.6 555.7 249.5 545.9 243.0 537.7 243.5 534.4 246.1 533.1 262.3 536.1 272.1 533.2 273.2 523.7 270.0 518.9 286.1 499.3 284.3 496.1 284.9 488.3 281.3 479.6 275.4 473.3 286.1 461.2 289.8 461.4 301.6 452.1 322.9 448.0 339.0 447.4 345.6 449.3 359.5 442.8 366.6 445.4 372.9 444.7 377.8 446.6 379.7 452.0 385.7 451.9 391.1 456.2 393.3 462.9 391.8 473.1 395.7 475.1 397.6 479.7 407.5 478.0 407.8 481.4Z"/>
<path class="land" data-iso="PHL" d="M1504.3 959.1 1522.6 967.4 1527.4 966.6 1531.9 962.1 1533.7 969.0 1530.7 975.1 1488.5 975.1 1492.0 961.9Z"/>
<path class="land" data-iso="PRK" d="M1600.3 415.1 1600.3 410.4 1592.7 408.8 1597.2 405.6 1600.3 397.2 1600.3 361.1 1594.8 357.3 1591.4 361.9 1589.4 356.2 1584.3 352.5 1585.2 346.2 1597.6 334.7 1600.3 334.3Z"/>
<path class="land" data-iso="RUS" d="M1494.3-78.3 1478.8-62.4 1463.6-27.1 1456.6-15.6 1461.1-10.7 1459.0-2.5 1439.1 5.9 1424.8 18.5 1409.4 14.3 1384.1-0.4 1371.8 4.6 1364.7 4.0 1347.8-9.0 1336.8-10.5 1319.0-0.3 1308.9 7.8 1306.2 14.6 1300.1 18.2 1292.4 17.8 1282.2 21.9 1263.9 24.5 1246.5 32.7 1241.5 29.6 1235.9 31.5 1212.2 25.3 1194.6 25.1 1180.9 13.2 1179.7 2.0 1162.9 0.4 1150.0-12.0 1137.9-11.7 1117.3-18.2 1094.8-11.8 1085.2-5.9 1074.2-5.3 1066.2-7.7 1062.6-11.2 1050.9-14.9 1041.1-22.5 1041.8-27.7 1039.3-32.0 1036.8-52.6 1023.5-57.1 1018.8-56.5 996.3-67.3 982.9-68.5 977.9-73.1 964.5-78.3 955.7-78.3 951.3-70.3 944.2-67.0 941.0-58.6 936.5-56.4 934.3-52.4 931.3-38.1 936.3-24.9 942.4-20.5 941.7-11.6 935.7-0.5 925.4 3.4 919.8 9.9 916.1 10.3 910.6 4.5 894.1 3.8 887.9 0.0 884.7 1.5 881.1-0.5 874.6 3.4 864.4 2.5 860.0-1.7 852.2-0.9 845.8-8.5 843.3-21.4 815.0-23.3 811.0-30.1 807.0-30.1 803.3-26.6 796.6-33.4 792.6-27.0 783.0-26.8 773.4-18.0 763.8-16.0 754.7-8.5 739.9-3.6 738.0 0.6 729.8 3.7 730.1 10.8 723.7 14.8 720.0 14.2 716.7 19.0 714.2 20.1 711.5 17.5 709.8 21.0 704.9 19.6 694.1 20.9 692.2 28.3 689.1 30.9 675.0 35.0 672.7 34.7 670.5 29.8 664.8 27.1 657.7 16.8 655.5 16.7 658.1 11.6 656.8 8.5 644.6 19.1 621.2 14.7 615.5 4.1 615.2-2.4 605.8-7.8 598.8-9.2 589.5-29.9 575.1-38.5 570.2-38.3 566.7-34.7 560.4-34.5 553.8-28.1 528.5-28.6 526.6-37.0 518.8-37.5 520.2-46.2 516.2-46.1 514.0-49.8 510.5-50.2 503.4-45.9 502.8-36.6 497.8-35.3 494.0-29.3 492.1-29.9 468.6-78.3 3.6-78.3 0.7-75.6 1.7-73.9 9.5-69.2 11.4-64.4 33.6-56.1 38.3-51.5 39.0-47.7 34.2-33.3 30.2-29.9 23.2-26.8 12.5-25.8 7.1-27.2 1.4-32.9-4.6-22.4-11.7-19.0-12.4-23.3-27.5-26.8-35.8-37.6-44.6-41.9-53.2-42.3-57.8-35.8-63.0-34.4-73.6-41.3-83.2-38.0-86.4-39.5-94.9-32.6-97.3-27.5-106.2-22.5-114.2-25.7-123.1-33.9-123.1-78.3Z"/>
<path class="land" data-iso="SAU" d="M-123.1 853.4-120.2 853.6-118.5 851.5-107.3 870.2-123.1 921.3Z"/>
<path class="land" data-iso="THA" d="M987.8 914.7 988.2 916.5 992.6 912.9 997.6 918.3 994.6 929.4 997.4 934.7 1003.1 935.7 1008.6 933.2 1014.6 934.8 1016.5 949.7 1010.6 963.6 1013.1 969.3 1011.8 975.1 1028.2 975.1 1036.5 969.6 1044.7 975.1 1058.9 975.1 1065.1 967.8 1064.9 965.4 1067.7 964.1 1082.0 966.8 1087.9 975.1 928.8 975.1 926.5 967.5 922.0 965.7 920.1 961.6 929.3 959.8 928.3 950.9 930.7 945.7 931.0 937.1 935.9 929.5 944.7 931.1 958.1 928.9 962.0 920.4 968.5 920.9 972.1 919.0 971.5 913.5 977.9 914.4 982.1 911.8Z"/>
<path class="land" data-iso="TJK" d="M191.0 438.6 192.4 428.9 204.2 411.9 205.6 406.3 199.1 398.0 198.1 391.9 200.2 383.7 198.1 381.9 189.4 381.6 188.3 377.3 181.1 374.5 182.8 366.6 190.0 361.6 208.4 364.4 211.4 361.2 212.7 354.7 218.3 352.5 216.8 347.9 220.9 346.6 212.5 344.1 228.3 343.1 227.0 340.2 229.1 339.0 226.7 331.2 230.4 324.7 231.8 323.7 239.1 328.3 253.4 320.7 256.1 316.0 264.7 326.2 255.3 337.1 259.3 339.1 261.0 342.6 269.8 341.8 269.5 343.5 262.1 346.8 258.9 351.1 257.3 347.9 245.4 343.0 234.6 346.4 233.3 352.1 229.1 350.5 228.4 352.2 227.2 357.2 228.9 364.7 258.5 362.7 265.9 368.9 270.9 368.3 272.4 365.7 282.4 362.2 283.2 366.2 288.8 368.0 290.0 372.6 296.5 370.2 301.1 374.8 304.2 370.7 309.3 369.4 322.8 369.9 335.6 367.2 335.0 374.1 339.9 382.4 337.2 386.0 339.8 393.8 345.3 396.0 347.9 392.1 351.5 392.2 364.7 398.5 363.8 406.9 367.8 420.0 366.7 425.3 372.2 432.0 366.6 436.8 360.9 431.7 353.3 431.0 338.5 436.8 335.5 435.8 337.8 431.0 329.5 429.6 317.5 435.7 311.6 443.0 304.3 444.4 290.6 453.3 287.2 453.2 281.5 440.0 285.2 415.7 277.7 415.4 279.0 407.6 277.1 403.3 267.8 398.6 261.4 402.4 251.5 415.2 252.4 423.4 250.8 425.9 247.3 427.0 241.8 425.0 233.7 426.8 231.4 431.6 231.8 437.5 229.1 440.3 219.4 433.6 198.6 445.5 195.9 444.8Z"/>
<path class="land" data-iso="TKM" d="M-99.0 306.6-73.4 308.5-70.9 305.7-73.4 302.4-74.7 289.0-66.7 280.2-53.8 278.0-48.5 268.0-42.3 270.0-39.5 274.6-37.6 274.3-45.5 263.4-42.8 261.3-37.5 262.2-34.7 258.3-27.6 265.6-20.7 267.3-15.9 273.5-3.5 274.5-0.4 277.2-1.4 285.1 4.9 290.8 1.9 292.2 3.4 297.7 2.2 304.1 11.2 309.9 21.4 309.0 30.6 311.0 36.9 308.1 46.8 314.1 51.6 327.4 58.5 338.8 61.1 350.3 92.7 376.3 102.5 382.9 106.1 382.1 138.2 405.4 147.0 405.2 161.9 412.5 163.2 415.0 160.7 419.6 160.6 433.1 150.4 431.1 141.9 426.3 136.8 436.2 125.3 436.6 118.6 439.8 111.1 464.2 98.7 474.2 77.1 479.2 78.0 484.3 75.3 491.4 66.2 497.1 60.6 497.2 56.8 499.6 48.8 491.4 39.9 491.8 33.1 485.8 31.1 486.1 30.8 478.6 28.4 475.3 29.8 468.7 27.6 454.9 8.4 455.1 1.5 445.1-10.8 438.4-15.6 433.6-17.2 428.1-26.2 423.8-41.4 423.9-49.7 418.2-65.2 413.7-69.1 406.1-82.0 404.8-89.4 405.9-92.8 410.6-108.9 409.8-123.1 417.6-123.1 292.4-111.1 308.2Z"/>
<path class="land" data-iso="TWN" d="M1502.0 853.7 1497.9 872.2 1495.5 871.4 1491.5 860.8 1485.0 855.7 1482.9 851.1 1479.0 839.6 1480.5 826.1 1502.8 788.8 1516.4 782.2 1524.7 790.4 1522.0 794.4 1522.2 802.3 1516.9 815.3 1511.6 839.0Z"/>
<path class="land land-uz" data-iso="UZB" d="M269.5 276.0 271.7 274.8 276.4 278.9 267.3 283.2 266.0 286.8 261.7 288.4 250.7 298.4 251.1 300.3 257.8 303.6 263.2 302.4 267.4 309.8 280.5 313.1 281.2 306.0 285.2 306.2 287.2 299.4 292.5 310.8 299.5 311.5 300.1 316.3 304.4 315.7 311.6 321.4 323.4 323.3 310.3 332.6 305.3 330.9 304.2 336.6 298.7 335.4 294.3 341.2 287.9 344.6 278.3 340.3 261.0 342.6 255.5 335.4 264.7 325.6 256.1 316.0 253.4 320.7 239.1 328.3 231.8 323.7 226.7 331.2 229.1 339.0 227.0 340.2 228.3 343.1 212.5 344.1 220.9 346.6 216.8 347.9 218.3 352.5 212.7 354.7 209.4 363.5 206.8 364.6 190.0 361.6 182.8 366.6 181.1 374.5 188.3 377.3 189.4 381.6 198.1 381.9 200.2 383.7 198.1 391.9 199.1 398.0 205.6 406.3 204.2 411.9 192.4 428.9 191.0 438.6 185.1 435.7 177.2 436.7 174.0 433.6 168.1 432.4 160.6 433.1 160.7 419.6 163.2 415.0 161.9 412.5 147.0 405.2 138.2 405.4 106.1 382.1 102.5 382.9 92.7 376.3 61.1 350.3 58.5 338.8 51.6 327.4 46.8 314.1 36.9 308.1 30.6 311.0 21.4 309.0 11.2 309.9 2.2 304.1 3.4 297.7 1.9 292.2 4.9 290.8-1.4 285.1-0.4 277.2-3.5 274.5-15.9 273.5-20.7 267.3-27.6 265.6-34.7 258.3-37.5 262.2-42.8 261.3-45.5 263.4-37.6 274.3-39.5 274.6-42.3 270.0-48.5 268.0-53.8 278.0-66.7 280.2-74.7 289.0-73.4 302.4-70.9 305.7-73.4 308.5-99.0 306.6-99.1 182.6-35.6 163.0 24.8 203.4 28.6 211.1 49.0 234.2 79.0 229.6 109.4 232.2 120.8 226.7 135.3 240.4 142.9 255.0 150.2 251.2 148.0 284.1 160.0 284.4 165.2 311.3 195.4 310.7 199.7 316.2 198.1 323.3 207.2 329.5 211.1 329.4 211.3 321.2 225.4 303.2 248.6 290.2 256.4 281.7 260.6 283.1 263.8 278.7ZM275.9 353.0 271.1 352.9 271.0 344.6 276.5 348.0Z"/>
<path class="land" data-iso="VNM" d="M1181.1 883.3 1177.1 883.6 1167.2 889.2 1165.9 895.2 1161.2 898.0 1149.3 896.7 1151.1 903.7 1146.1 909.2 1145.3 915.4 1136.6 923.2 1132.1 924.6 1123.2 950.0 1129.8 962.0 1143.7 975.1 1122.1 975.1 1110.7 964.6 1110.7 957.4 1100.9 954.2 1080.6 941.1 1084.8 936.5 1084.1 931.5 1097.8 933.0 1106.1 922.5 1104.2 917.7 1100.5 917.6 1098.5 913.2 1092.3 911.4 1097.6 906.0 1085.8 898.1 1074.3 904.7 1061.2 899.5 1055.0 889.7 1057.4 878.7 1054.1 875.3 1050.3 878.8 1048.4 872.8 1037.2 860.1 1045.6 850.2 1058.2 858.3 1066.7 849.7 1070.8 854.6 1073.9 849.4 1081.8 855.9 1086.8 848.9 1092.4 851.5 1100.2 848.3 1104.6 839.9 1114.7 834.3 1121.4 841.6 1128.7 845.6 1136.2 844.4 1139.4 847.4 1145.9 846.0 1151.7 849.5 1146.1 856.9 1148.9 870.8 1156.4 872.2 1165.8 880.6 1175.8 879.4Z"/>
